1	T	104	1
1	T	78	1
1	T	58	1
1	T	102	1
2	T	10	1
2	T	151	1
3	T	138	1
3	T	143	1
4	T	112	1
4	T	68	1
4	T	184	1
4	T	152	1
4	T	74	1
5	T	114	1
5	T	91	1
5	T	1	1
5	T	95	1
5	T	158	1
5	T	17	1
5	T	78	1
6	T	35	1
6	T	91	1
7	T	65	1
7	T	49	1
7	T	175	1
7	T	53	1
8	T	87	1
8	T	28	1
8	T	32	1
8	T	122	1
8	T	73	1
8	T	167	1
8	T	76	1
8	T	170	1
9	T	152	1
9	T	28	1
9	T	108	1
10	T	28	1
10	T	39	1
10	T	63	1
11	T	186	1
11	T	92	1
11	T	4	1
11	T	35	1
11	T	47	1
12	T	178	1
12	T	79	1
13	T	189	1
13	T	27	1
13	T	178	1
13	T	146	1
13	T	83	1
14	T	175	1
14	T	61	1
14	T	102	1
14	T	176	1
14	T	151	1
14	T	114	1
14	T	140	1
14	T	81	1
14	T	46	1
15	T	176	1
15	T	188	1
15	T	179	1
15	T	189	1
15	T	129	1
15	T	139	1
16	T	35	1
17	T	190	1
17	T	57	1
17	T	117	1
18	T	160	1
18	T	148	1
18	T	198	1
19	T	110	1
19	T	99	1
19	T	122	1
20	T	58	1
20	T	94	1
21	T	89	1
22	T	9	1
23	T	176	1
23	T	84	1
23	T	94	1
23	T	122	1
23	T	109	1
23	T	132	1
23	T	67	1
23	T	38	1
23	T	74	1
24	T	10	1
24	T	98	1
24	T	91	1
24	T	137	1
24	T	12	1
24	T	156	1
24	T	168	1
24	T	118	1
24	T	158	1
24	T	193	1
24	T	117	1
24	T	108	1
25	T	91	1
25	T	53	1
25	T	162	1
25	T	131	1
26	T	102	1
27	T	1	1
27	T	56	1
27	T	188	1
27	T	3	1
27	T	34	1
27	T	54	1
27	T	87	1
27	T	62	1
27	T	8	1
28	T	80	1
29	T	181	1
29	T	60	1
29	T	38	1
29	T	182	1
29	T	103	1
29	T	140	1
29	T	147	1
29	T	14	1
30	T	112	1
30	T	92	1
30	T	104	1
30	T	102	1
30	T	97	1
30	T	62	1
30	T	155	1
30	T	122	1
30	T	161	1
30	T	147	1
31	T	129	1
31	T	8	1
31	T	25	1
31	T	90	1
31	T	181	1
32	T	188	1
32	T	25	1
32	T	55	1
32	T	131	1
32	T	157	1
32	T	83	1
32	T	100	1
32	T	59	1
32	T	123	1
32	T	191	1
32	T	38	1
32	T	51	1
32	T	150	1
32	T	41	1
32	T	67	1
32	T	86	1
32	T	154	1
32	T	81	1
32	T	140	1
32	T	52	1
32	T	45	1
33	T	6	1
34	T	11	1
34	T	47	1
34	T	105	1
34	T	107	1
34	T	49	1
34	T	48	1
34	T	152	1
34	T	159	1
34	T	14	1
35	T	106	1
35	T	151	1
35	T	90	1
36	T	171	1
36	T	95	1
36	T	194	1
37	T	158	1
38	T	145	1
38	T	88	1
39	T	169	1
39	T	180	1
39	T	172	1
40	T	21	1
40	T	168	1
40	T	121	1
40	T	164	1
40	T	94	1
41	T	52	1
41	T	82	1
41	T	122	1
41	T	47	1
41	T	100	1
41	T	62	1
41	T	159	1
42	T	68	1
42	T	151	1
42	T	74	1
42	T	99	1
42	T	131	1
42	T	185	1
42	T	177	1
42	T	143	1
42	T	40	1
42	T	28	1
42	T	113	1
43	T	175	1
44	T	39	1
44	T	104	1
44	T	150	1
44	T	185	1
44	T	171	1
44	T	12	1
44	T	27	1
45	T	166	1
45	T	145	1
45	T	167	1
45	T	70	1
45	T	66	1
45	T	194	1
45	T	112	1
46	T	168	1
46	T	178	1
46	T	88	1
47	T	43	1
47	T	134	1
47	T	112	1
47	T	101	1
47	T	136	1
47	T	118	1
47	T	99	1
47	T	162	1
47	T	107	1
47	T	111	1
47	T	68	1
47	T	138	1
47	T	185	1
48	T	43	1
49	T	41	1
49	T	68	1
50	T	63	1
50	T	129	1
50	T	7	1
50	T	76	1
51	T	101	1
51	T	28	1
51	T	122	1
51	T	161	1
52	T	151	1
52	T	141	1
52	T	95	1
52	T	60	1
52	T	104	1
52	T	84	1
52	T	163	1
52	T	178	1
52	T	158	1
53	T	178	1
54	T	45	1
54	T	138	1
54	T	159	1
54	T	86	1
55	T	33	1
55	T	15	1
55	T	92	1
55	T	118	1
55	T	145	1
55	T	99	1
55	T	54	1
56	T	103	1
56	T	70	1
56	T	11	1
56	T	184	1
56	T	13	1
56	T	90	1
56	T	50	1
56	T	41	1
57	T	4	1
57	T	9	1
57	T	96	1
57	T	51	1
57	T	186	1
57	T	153	1
57	T	87	1
57	T	8	1
57	T	2	1
57	T	7	1
57	T	6	1
57	T	129	1
57	T	116	1
58	T	175	1
58	T	94	1
59	T	88	1
59	T	108	1
59	T	48	1
59	T	176	1
59	T	136	1
59	T	82	1
59	T	8	1
59	T	104	1
59	T	101	1
59	T	177	1
59	T	163	1
59	T	92	1
59	T	29	1
59	T	109	1
59	T	57	1
60	T	128	1
60	T	171	1
60	T	44	1
60	T	1	1
60	T	11	1
60	T	4	1
60	T	40	1
61	T	175	1
61	T	110	1
61	T	154	1
61	T	172	1
61	T	121	1
61	T	188	1
61	T	178	1
61	T	189	1
61	T	70	1
61	T	122	1
61	T	13	1
61	T	8	1
62	T	188	1
62	T	111	1
62	T	51	1
62	T	42	1
62	T	9	1
62	T	75	1
62	T	180	1
62	T	190	1
62	T	47	1
62	T	90	1
62	T	107	1
62	T	13	1
63	T	138	1
63	T	163	1
63	T	161	1
64	T	32	1
64	T	11	1
64	T	5	1
65	T	34	1
65	T	107	1
65	T	130	1
65	T	49	1
66	T	2	1
66	T	83	1
67	T	160	1
67	T	106	1
67	T	172	1
68	T	111	1
69	T	115	1
69	T	56	1
69	T	188	1
69	T	33	1
69	T	74	1
70	T	90	1
70	T	12	1
70	T	11	1
71	T	11	1
71	T	123	1
72	T	25	1
72	T	109	1
73	T	139	1
73	T	146	1
73	T	125	1
74	T	116	1
74	T	181	1
75	T	1	1
75	T	156	1
75	T	59	1
75	T	172	1
75	T	43	1
75	T	128	1
75	T	55	1
75	T	109	1
76	T	132	1
76	T	82	1
76	T	26	1
76	T	83	1
76	T	52	1
77	T	176	1
77	T	44	1
77	T	38	1
78	T	46	1
78	T	73	1
78	T	124	1
78	T	103	1
79	T	66	1
79	T	63	1
79	T	97	1
79	T	146	1
79	T	187	1
79	T	168	1
79	T	74	1
79	T	167	1
79	T	30	1
79	T	99	1
79	T	125	1
79	T	85	1
79	T	39	1
79	T	130	1
79	T	70	1
79	T	82	1
79	T	124	1
79	T	10	1
80	T	144	1
80	T	175	1
80	T	116	1
80	T	53	1
80	T	8	1
80	T	71	1
80	T	93	1
80	T	88	1
80	T	169	1
80	T	45	1
80	T	72	1
80	T	171	1
81	T	82	1
81	T	130	1
81	T	27	1
81	T	152	1
81	T	153	1
81	T	103	1
82	T	3	1
82	T	26	1
82	T	27	1
82	T	130	1
82	T	181	1
82	T	153	1
82	T	192	1
82	T	148	1
82	T	112	1
82	T	75	1
82	T	37	1
82	T	167	1
82	T	85	1
82	T	106	1
83	T	96	1
83	T	76	1
83	T	131	1
84	T	6	1
85	T	6	1
85	T	5	1
85	T	136	1
85	T	154	1
86	T	192	1
86	T	61	1
87	T	189	1
87	T	133	1
88	T	86	1
88	T	164	1
88	T	172	1
89	T	41	1
89	T	166	1
89	T	34	1
89	T	78	1
89	T	131	1
89	T	133	1
89	T	88	1
89	T	134	1
89	T	79	1
89	T	45	1
89	T	100	1
89	T	59	1
89	T	51	1
90	T	86	1
90	T	174	1
91	T	184	1
91	T	164	1
91	T	77	1
91	T	127	1
92	T	176	1
92	T	122	1
92	T	9	1
93	T	162	1
94	T	53	1
95	T	9	1
95	T	141	1
96	T	18	1
96	T	89	1
96	T	41	1
97	T	23	1
98	T	98	1
98	T	181	1
98	T	105	1
99	T	189	1
99	T	96	1
99	T	156	1
99	T	33	1
100	T	168	1
100	T	46	1
100	T	120	1
100	T	115	1
100	T	32	1
100	T	119	1
100	T	178	1
101	T	105	1
101	T	134	1
102	T	73	1
102	T	156	1
102	T	57	1
102	T	122	1
102	T	29	1
102	T	49	1
102	T	90	1
102	T	185	1
102	T	39	1
102	T	184	1
102	T	53	1
102	T	5	1
102	T	159	1
102	T	45	1
102	T	174	1
102	T	72	1
102	T	144	1
103	T	82	1
103	T	153	1
103	T	161	1
104	T	63	1
104	T	169	1
104	T	144	1
104	T	53	1
104	T	149	1
104	T	191	1
104	T	106	1
105	T	49	1
105	T	141	1
105	T	176	1
105	T	175	1
105	T	153	1
105	T	87	1
106	T	185	1
106	T	75	1
106	T	193	1
106	T	36	1
107	T	66	1
107	T	46	1
107	T	56	1
107	T	88	1
107	T	101	1
108	T	70	1
108	T	56	1
108	T	71	1
108	T	36	1
108	T	134	1
108	T	135	1
108	T	112	1
108	T	64	1
108	T	47	1
108	T	42	1
108	T	34	1
108	T	175	1
108	T	119	1
108	T	161	1
108	T	142	1
108	T	6	1
108	T	190	1
108	T	167	1
108	T	26	1
108	T	48	1
108	T	21	1
108	T	144	1
108	T	13	1
108	T	130	1
108	T	165	1
109	T	120	1
109	T	130	1
109	T	187	1
110	T	112	1
110	T	125	1
111	T	101	1
112	T	63	1
112	T	3	1
112	T	95	1
112	T	156	1
112	T	134	1
112	T	163	1
112	T	174	1
112	T	183	1
112	T	140	1
112	T	30	1
113	T	164	1
113	T	7	1
113	T	150	1
114	T	99	1
114	T	53	1
114	T	45	1
114	T	93	1
114	T	98	1
115	T	118	1
116	T	53	1
116	T	47	1
116	T	165	1
117	T	68	1
117	T	76	1
117	T	145	1
117	T	85	1
117	T	111	1
117	T	126	1
117	T	194	1
118	T	175	1
118	T	6	1
118	T	62	1
118	T	12	1
118	T	36	1
118	T	49	1
118	T	17	1
118	T	173	1
119	T	3	1
119	T	68	1
119	T	138	1
119	T	111	1
120	T	109	1
121	T	2	1
122	T	58	1
122	T	42	1
122	T	167	1
122	T	77	1
122	T	129	1
123	T	93	1
123	T	87	1
123	T	186	1
123	T	97	1
123	T	162	1
124	T	94	1
124	T	58	1
124	T	180	1
124	T	69	1
124	T	159	1
125	T	32	1
126	T	122	1
126	T	171	1
126	T	137	1
126	T	170	1
126	T	129	1
126	T	164	1
126	T	159	1
126	T	64	1
126	T	81	1
126	T	165	1
126	T	35	1
126	T	66	1
126	T	13	1
127	T	163	1
127	T	196	1
127	T	171	1
127	T	63	1
128	T	68	1
128	T	38	1
128	T	188	1
129	T	137	1
130	T	81	1
130	T	90	1
130	T	108	1
130	T	48	1
131	T	46	1
132	T	20	1
132	T	80	1
133	T	108	1
133	T	55	1
134	T	51	1
134	T	109	1
135	T	156	1
136	T	3	1
137	T	66	1
137	T	30	1
137	T	55	1
137	T	133	1
137	T	127	1
137	T	142	1
137	T	24	1
137	T	53	1
137	T	45	1
137	T	184	1
137	T	190	1
137	T	77	1
138	T	62	1
138	T	187	1
139	T	45	1
139	T	164	1
139	T	79	1
140	T	86	1
140	T	47	1
141	T	153	1
141	T	112	1
141	T	119	1
141	T	38	1
142	T	24	1
142	T	100	1
142	T	167	1
143	T	33	1
144	T	144	1
144	T	156	1
144	T	35	1
144	T	109	1
144	T	105	1
144	T	128	1
145	T	116	1
145	T	29	1
145	T	179	1
145	T	4	1
145	T	25	1
145	T	182	1
145	T	141	1
145	T	9	1
146	T	48	1
146	T	53	1
146	T	129	1
146	T	184	1
147	T	25	1
147	T	189	1
147	T	68	1
147	T	46	1
147	T	151	1
147	T	40	1
147	T	176	1
147	T	160	1
147	T	143	1
147	T	96	1
147	T	55	1
147	T	57	1
147	T	180	1
148	T	44	1
148	T	64	1
148	T	25	1
149	T	107	1
150	T	5	1
150	T	44	1
150	T	162	1
150	T	90	1
150	T	159	1
150	T	108	1
150	T	12	1
151	T	97	1
151	T	35	1
151	T	86	1
151	T	130	1
151	T	160	1
151	T	41	1
151	T	14	1
151	T	114	1
151	T	93	1
151	T	16	1
151	T	139	1
152	T	184	1
152	T	149	1
152	T	133	1
152	T	127	1
152	T	39	1
152	T	29	1
152	T	128	1
152	T	125	1
152	T	55	1
152	T	142	1
152	T	62	1
152	T	89	1
152	T	161	1
152	T	91	1
152	T	151	1
152	T	60	1
152	T	12	1
152	T	16	1
152	T	15	1
152	T	9	1
152	T	17	1
152	T	164	1
152	T	28	1
152	T	81	1
152	T	173	1
152	T	139	1
152	T	63	1
152	T	11	1
152	T	13	1
152	T	189	1
152	T	188	1
153	T	85	1
153	T	71	1
153	T	152	1
153	T	92	1
153	T	136	1
153	T	70	1
153	T	102	1
153	T	169	1
153	T	188	1
153	T	62	1
153	T	166	1
153	T	138	1
153	T	91	1
153	T	147	1
153	T	88	1
153	T	103	1
153	T	101	1
153	T	167	1
153	T	174	1
153	T	77	1
153	T	48	1
153	T	95	1
153	T	177	1
153	T	117	1
153	T	66	1
153	T	18	1
153	T	108	1
153	T	16	1
153	T	163	1
153	T	87	1
153	T	20	1
153	T	14	1
153	T	44	1
153	T	12	1
154	T	78	1
154	T	47	1
154	T	105	1
154	T	3	1
154	T	158	1
154	T	85	1
154	T	151	1
154	T	93	1
155	T	127	1
155	T	142	1
155	T	9	1
155	T	20	1
155	T	160	1
155	T	130	1
155	T	17	1
155	T	56	1
156	T	112	1
156	T	30	1
156	T	163	1
156	T	130	1
157	T	9	1
157	T	92	1
157	T	49	1
157	T	80	1
157	T	148	1
157	T	98	1
157	T	125	1
157	T	32	1
157	T	13	1
157	T	136	1
157	T	163	1
157	T	156	1
157	T	127	1
157	T	59	1
157	T	89	1
157	T	169	1
157	T	60	1
157	T	96	1
158	T	36	1
158	T	41	1
158	T	9	1
158	T	70	1
158	T	37	1
158	T	42	1
159	T	10	1
159	T	82	1
159	T	72	1
159	T	165	1
159	T	155	1
159	T	174	1
159	T	106	1
159	T	116	1
159	T	14	1
160	T	38	1
161	T	26	1
161	T	140	1
161	T	133	1
161	T	177	1
161	T	111	1
161	T	87	1
162	T	178	1
162	T	122	1
162	T	101	1
162	T	5	1
162	T	42	1
163	T	172	1
163	T	137	1
164	T	103	1
164	T	64	1
164	T	79	1
164	T	49	1
164	T	77	1
164	T	141	1
164	T	21	1
165	T	26	1
166	T	37	1
166	T	186	1
167	T	168	1
167	T	84	1
168	T	152	1
168	T	170	1
168	T	85	1
168	T	181	1
168	T	163	1
168	T	127	1
168	T	63	1
168	T	53	1
168	T	168	1
168	T	12	1
168	T	8	1
169	T	79	1
170	T	153	1
170	T	6	1
170	T	7	1
171	T	8	1
171	T	23	1
171	T	58	1
172	T	78	1
173	T	76	1
173	T	36	1
173	T	193	1
173	T	75	1
173	T	58	1
173	T	140	1
173	T	169	1
173	T	180	1
173	T	44	1
173	T	192	1
173	T	80	1
173	T	156	1
173	T	46	1
173	T	42	1
173	T	115	1
173	T	112	1
173	T	88	1
174	T	122	1
175	T	94	1
175	T	85	1
176	T	93	1
176	T	2	1
176	T	102	1
177	T	40	1
177	T	178	1
177	T	86	1
177	T	192	1
177	T	177	1
178	T	193	1
179	T	43	1
180	T	192	1
180	T	69	1
180	T	45	1
180	T	103	1
180	T	86	1
180	T	124	1
180	T	79	1
180	T	16	1
180	T	83	1
180	T	187	1
180	T	171	1
180	T	10	1
180	T	8	1
181	T	22	1
181	T	189	1
181	T	132	1
181	T	193	1
181	T	119	1
181	T	130	1
181	T	12	1
181	T	68	1
182	T	72	1
182	T	121	1
182	T	129	1
182	T	146	1
182	T	46	1
182	T	41	1
182	T	169	1
182	T	144	1
182	T	74	1
182	T	170	1
182	T	86	1
182	T	33	1
182	T	131	1
182	T	112	1
182	T	82	1
183	T	164	1
184	T	112	1
184	T	140	1
184	T	169	1
184	T	51	1
184	T	156	1
184	T	154	1
184	T	9	1
184	T	176	1
184	T	153	1
184	T	39	1
184	T	143	1
184	T	85	1
185	T	28	1
186	T	45	1
186	T	131	1
187	T	129	1
187	T	43	1
187	T	170	1
187	T	113	1
188	T	89	1
188	T	98	1
189	T	154	1
190	T	157	1
190	T	67	1
191	T	15	1
192	T	34	1
192	T	86	1
192	T	131	1
192	T	181	1
192	T	175	1
192	T	190	1
192	T	107	1
192	T	155	1
192	T	76	1
192	T	17	1
193	T	141	1
193	T	15	1
193	T	45	1
194	T	105	1
194	T	140	1
194	T	160	1
194	T	189	1
195	T	151	1
195	T	186	1
195	T	11	1
195	T	18	1
195	T	163	1
195	T	70	1
195	T	168	1
195	T	16	1
195	T	9	1
196	T	31	1
196	T	164	1
196	T	143	1
196	T	136	1
196	T	112	1
196	T	104	1
196	T	99	1
196	T	94	1
197	T	36	1
197	T	49	1
197	T	112	1
197	T	23	1
198	T	68	1
198	T	66	1
198	T	172	1
198	T	111	1
199	T	86	1
199	T	84	1
199	T	141	1
200	T	78	1
200	T	150	1
201	T	72	1
201	T	10	1
201	T	107	1
201	T	12	1
201	T	9	1
201	T	11	1
201	T	99	1
201	T	184	1
202	T	57	1
202	T	137	1
202	T	66	1
202	T	102	1
203	T	153	1
203	T	67	1
204	T	20	1
204	T	58	1
204	T	112	1
205	T	30	1
205	T	104	1
205	T	43	1
206	T	46	1
206	T	42	1
206	T	145	1
206	T	155	1
206	T	192	1
206	T	109	1
206	T	140	1
207	T	48	1
207	T	32	1
207	T	118	1
207	T	106	1
208	T	157	1
208	T	173	1
208	T	80	1
208	T	154	1
208	T	94	1
208	T	52	1
208	T	192	1
208	T	39	1
209	T	126	1
209	T	194	1
209	T	43	1
209	T	101	1
210	T	95	1
210	T	49	1
210	T	60	1
210	T	177	1
210	T	146	1
210	T	94	1
210	T	178	1
210	T	183	1
211	T	37	1
211	T	93	1
211	T	183	1
211	T	3	1
211	T	117	1
212	T	45	1
213	T	148	1
213	T	100	1
213	T	27	1
213	T	175	1
213	T	105	1
213	T	158	1
213	T	101	1
214	T	199	1
215	T	110	1
215	T	48	1
215	T	167	1
215	T	37	1
215	T	104	1
215	T	4	1
215	T	59	1
215	T	189	1
215	T	147	1
215	T	100	1
215	T	179	1
215	T	176	1
215	T	143	1
216	T	106	1
216	T	153	1
216	T	154	1
217	T	176	1
217	T	143	1
217	T	29	1
217	T	140	1
217	T	116	1
217	T	130	1
217	T	139	1
217	T	56	1
217	T	182	1
218	T	15	1
218	T	126	1
218	T	48	1
219	T	188	1
219	T	47	1
219	T	45	1
219	T	11	1
220	T	173	1
220	T	16	1
220	T	17	1
220	T	27	1
220	T	90	1
220	T	37	1
220	T	145	1
220	T	132	1
221	T	80	1
221	T	193	1
222	T	119	1
222	T	102	1
223	T	68	1
223	T	194	1
224	T	103	1
224	T	34	1
224	T	100	1
225	T	113	1
225	T	37	1
225	T	82	1
225	T	151	1
225	T	167	1
225	T	161	1
226	T	114	1
226	T	155	1
226	T	152	1
227	T	186	1
227	T	104	1
227	T	167	1
227	T	72	1
227	T	190	1
227	T	79	1
227	T	69	1
227	T	155	1
227	T	75	1
227	T	68	1
228	T	21	1
228	T	91	1
228	T	88	1
228	T	38	1
228	T	69	1
229	T	89	1
229	T	177	1
229	T	143	1
229	T	134	1
229	T	136	1
229	T	81	1
229	T	118	1
229	T	140	1
230	T	114	1
230	T	38	1
230	T	149	1
230	T	175	1
230	T	173	1
230	T	85	1
230	T	133	1
230	T	132	1
231	T	165	1
231	T	74	1
232	T	59	1
232	T	64	1
233	T	148	1
233	T	71	1
233	T	177	1
233	T	61	1
233	T	134	1
233	T	66	1
233	T	46	1
233	T	130	1
233	T	4	1
233	T	15	1
233	T	78	1
234	T	88	1
235	T	166	1
235	T	167	1
235	T	25	1
235	T	168	1
235	T	139	1
235	T	151	1
235	T	163	1
236	T	78	1
236	T	177	1
236	T	154	1
236	T	137	1
236	T	64	1
236	T	131	1
236	T	167	1
237	T	178	1
237	T	109	1
238	T	6	1
238	T	8	1
238	T	5	1
238	T	45	1
238	T	12	1
238	T	7	1
238	T	153	1
238	T	51	1
238	T	187	1
238	T	41	1
239	T	79	1
239	T	43	1
239	T	88	1
239	T	94	1
239	T	60	1
239	T	54	1
239	T	63	1
240	T	120	1
240	T	175	1
240	T	178	1
241	T	146	1
241	T	178	1
241	T	74	1
241	T	36	1
242	T	170	1
242	T	183	1
242	T	74	1
243	T	54	1
243	T	124	1
243	T	31	1
243	T	188	1
243	T	71	1
243	T	87	1
243	T	69	1
243	T	160	1
243	T	41	1
243	T	7	1
243	T	145	1
243	T	52	1
244	T	135	1
244	T	9	1
244	T	141	1
244	T	100	1
244	T	169	1
244	T	27	1
244	T	171	1
244	T	120	1
244	T	88	1
245	T	122	1
246	T	161	1
246	T	156	1
247	T	187	1
247	T	70	1
247	T	53	1
247	T	141	1
247	T	167	1
247	T	190	1
248	T	123	1
248	T	39	1
248	T	142	1
248	T	140	1
248	T	158	1
248	T	50	1
248	T	69	1
248	T	87	1
248	T	186	1
248	T	162	1
248	T	53	1
248	T	75	1
249	T	138	1
250	T	94	1
250	T	118	1
250	T	71	1
251	T	126	1
251	T	16	1
251	T	166	1
251	T	145	1
252	T	47	1
252	T	130	1
252	T	172	1
253	T	172	1
253	T	34	1
253	T	60	1
253	T	84	1
253	T	117	1
253	T	69	1
254	T	31	1
255	T	99	1
255	T	4	1
255	T	90	1
255	T	53	1
255	T	1	1
255	T	27	1
255	T	143	1
255	T	144	1
255	T	156	1
256	T	142	1
256	T	167	1
256	T	150	1
256	T	62	1
256	T	125	1
256	T	10	1
256	T	70	1
256	T	72	1
256	T	60	1
256	T	51	1
256	T	171	1
257	T	159	1
257	T	53	1
257	T	87	1
257	T	44	1
257	T	91	1
257	T	82	1
258	T	128	1
258	T	145	1
258	T	103	1
258	T	192	1
258	T	34	1
259	T	158	1
259	T	77	1
259	T	68	1
259	T	113	1
259	T	29	1
260	T	49	1
260	T	187	1
261	T	75	1
261	T	38	1
261	T	109	1
261	T	178	1
261	T	139	1
261	T	65	1
261	T	80	1
261	T	61	1
261	T	72	1
261	T	121	1
262	T	180	1
263	T	88	1
263	T	71	1
263	T	147	1
263	T	164	1
263	T	31	1
264	T	41	1
265	T	47	1
265	T	130	1
265	T	42	1
265	T	93	1
265	T	162	1
265	T	131	1
266	T	64	1
267	T	182	1
268	T	137	1
269	T	164	1
269	T	41	1
270	T	47	1
270	T	130	1
270	T	63	1
270	T	159	1
270	T	54	1
270	T	77	1
270	T	97	1
270	T	189	1
270	T	67	1
270	T	142	1
271	T	107	1
271	T	164	1
271	T	24	1
271	T	184	1
271	T	72	1
272	T	4	1
273	T	190	1
273	T	21	1
273	T	171	1
273	T	139	1
273	T	87	1
273	T	35	1
273	T	192	1
273	T	11	1
274	T	120	1
274	T	75	1
274	T	167	1
275	T	186	1
276	T	47	1
276	T	181	1
276	T	124	1
276	T	187	1
277	T	10	1
277	T	28	1
278	T	139	1
278	T	106	1
278	T	164	1
279	T	31	1
280	T	53	1
280	T	194	1
280	T	110	1
280	T	82	1
280	T	31	1
280	T	67	1
280	T	15	1
280	T	155	1
280	T	9	1
280	T	156	1
280	T	65	1
280	T	188	1
280	T	183	1
280	T	164	1
280	T	126	1
280	T	71	1
280	T	37	1
280	T	10	1
280	T	102	1
280	T	14	1
280	T	167	1
280	T	52	1
280	T	35	1
281	T	50	1
281	T	27	1
281	T	71	1
282	T	182	1
282	T	25	1
282	T	115	1
282	T	95	1
282	T	77	1
282	T	167	1
282	T	133	1
282	T	193	1
282	T	129	1
282	T	103	1
282	T	160	1
282	T	183	1
283	T	97	1
283	T	131	1
284	T	11	1
284	T	124	1
284	T	17	1
284	T	119	1
285	T	178	1
285	T	134	1
285	T	148	1
285	T	142	1
285	T	26	1
285	T	106	1
285	T	31	1
285	T	81	1
285	T	180	1
285	T	10	1
285	T	187	1
285	T	179	1
285	T	147	1
285	T	130	1
285	T	118	1
